796905923 380389751 466152033 489467892 392716313 691765196 952501137 115233211 
967258666 749745705 310460095 106430602 895788812 309785533 200016590 754177965 
890247784 781334489 137716675 895523389 151739817 386912749 111698437 208214600 
577842947 224131662 971023101 432226179 639007230 467196218 659131569 990528412 
895425880 142296181 334665614 110157952 674657535 484712443 296249691 467378804 
892437057 364461410 611106088 122272404 140765030 486170169 555359486 541276283 
193078164 533477303 820490791 113247966 437738986 883570028 990887452 905114345 
936525357 288334378 866263345 791810823 992075735 203958005 804228953 898220590 
472422189 127116624 472366179 490127038 538324999 996610193 221678930 451119700 
265366354 699901793 242061192 337756834 266726640 886604849 528498836 465295741 
310589393 690867037 129809985 698093438 399207822 135930174 690494230 176124071 
971020633 286589043 764771510 552251453 810577395 704519473 814780830 184513939 
711776958 510391525 800891731 751271636 699320382 218019336 771284714 544773955 
661268357 104936553 603192526 159603748 934627046 802395534 928004493 521360509 
203840158 419951133 786819406 546381151 107973960 720471082 344610282 212663110 
841124716 331918510 216337378 709702272 889195517 199471059 785073667 148080551 
354649333 335195423 341320183 621674587 540043121 365069827 253973115 485499345 
539849279 793997153 147522851 453733489 252314243 792501116 268102176 423334766 
458162732 658286306 186689172 893293738 268688971 300419056 730162560 417759919 
646951693 572780905 504489858 172742621 716235952 743741390 855374784 904122666 
969221782 360504084 134370198 571676607 909194417 365205237 204596472 611434546 
541304637 390539389 347246856 696664654 770075456 152853638 546064939 436020788 
755902287 310681657 447355724 187397714 151486957 847522226 632601136 157180974 
487688905 561249977 147519383 847967948 636903414 940078110 343864279 337739056 
569656800 592104781 480328357 572661423 226171504 837448122 723657102 926744472 
436415519 387831477 889524518 395595800 783203420 901396616 705838867 828899995 
340072737 137024872 889540631 401765787 929869945 719001456 582491143 361906086 
227806439 844391272 184635747 488275571 569727041 436456576 181324212 743061906 
475394708 291347422 681773403 530196854 131425877 762203427 597009970 272307663 
420429484 836213424 350752067 317421080 614161185 742627425 614201530 961399025 
557776441 156597307 839925714 553258923 333025502 982301641 986154271 245950968 
768341271 259132640 456202768 735704233 627464405 759915408 808537672 182877281 
273159639 655413338 323301779 133986326 518200671 685461511 767930302 258422352 
963126251 854463670 888174769 483759032 565532593 254338141 114538255 584901060 
421206690 394849307 387569398 902901478 389640280 657608665 458358207 395907886 
327652067 834879537 337572491 228499041 754313342 674208380 422118333 442615879 
785490226 189899221 663333848 531346046 619746427 409643470 446535437 549138472 
602505321 884080398 689624212 445248625 197482351 859371559 918050426 207442387 
536485655 981632979 731692015 799376041 695999795 479092456 561153275 258272445 
604249270 153285788 856998011 384393445 462508099 220663454 887302152 786164909 
619513506 270189721 871876001 752193344 825167681 554927709 309066110 252045283 
154651755 350804299 853414863 265228887 320512457 690547548 708064240 681151798 
338576405 877882026 970456660 622844883 160459931 481044056 537555154 624391129 
237519168 653406054 454909852 400923053 503626040 932786298 412699739 335399813 
211862024 855794608 142455970 277041784 705961463 416958621 590273937 885272905 
761061858 409826224 656412659 735910699 448802287 160762339 724184804 506844229 
106477023 112431572 890827709 748881922 941625255 431404878 809256022 353758357 
154455502 828740543 871366887 864972919 674897950 926187881 415963470 124162944 
292703978 825955563 420133930 923936297 442743758 185658710 374084688 864768613 
450485299 233474411 352226458 691570741 118248648 215240524 547823763 614201660 
425547362 223158187 512027739 802407780 551985039 454254929 477032936 901192325 
603631786 851436151 630147097 672016013 452765846 287640564 176209384 238150380 
888581856 744471068 849952759 199897774 237011069 322073585 314725955 938595270 
904515055 420798394 972522295 482156655 179169702 822910780 218221852 104619484 
211403087 351929984 793002431 457359704 447530170 985607215 841281937 779712623 
603267268 224975826 634875134 647660114 221446381 316907574 668149065 235505300 
717200018 890457379 380812751 336347737 468800082 540148425 135190799 205428392 
712372397 860830038 379086407 558325399 420610757 834267078 190826090 917861354 
346241022 964810965 542202206 299913374 412147015 370633687 209472227 732378288 
248016005 610641866 748280888 177184580 788716918 599201177 224839474 229118825 
561898276 942650948 433671232 164652150 337208200 342705441 905413973 213041732 
867390814 730081769 737167543 629080029 409817095 499493529 534377098 297737395 
761124883 802441585 334567773 990163741 948961979 862973079 110018642 101871990 
588731769 295146889 633286167 901333155 494057834 571825889 123505098 174259686 
861566734 128975476 142893764 556943839 501557780 300813775 284965090 688084636 
184188904 249145553 249008153 904193769 545371451 665566978 742615972 850539560 
568143043 644833894 495687285 404958280 671244031 652436924 405490850 171455691 
720786115 450770261 868112981 259442665 880533068 684426711 366902037 724364777 
161063718 595631268 770075162 405611175 450878284 944110724 243086340 142180675 
833200688 827732783 897464346 966413209 353734800 898179486 279872253 747682249 
787874722 196785731 591386717 148818460 404961686 153216216 953012279 711019239 
737897206 439141745 564510208 712457727 497944585 588431226 129313265 720818537 
176460023 927654224 469550554 412177471 858435227 566175702 307372986 344242883 
257496674 879730503 877972941 540251893 296891504 755800094 309313275 143392758 
940805308 203169417 141585725 223450840 776872361 805534517 258821816 384097619 
882711407 982842052 297566063 435700635 440810424 373178686 314701770 477446705 
829168135 604445679 742545419 864840871 511589121 653212508 869702169 875762785 
587204637 607163986 823248493 484260967 978882030 355732326 615560807 487673618 
265410262 962065211 963631253 521439520 646830853 642664341 703061242 363012659 
669032297 832585630 962590645 750405767 112868990 329122537 138415884 719741147 
455497860 653331535 547295181 596415218 145554871 704725115 949507018 938881994 
987463799 204886165 877347583 488560153 110979407 265228778 181061253 999803843 
810391721 254786985 679521541 396329617 779315123 765692856 218341888 441427516 
775141234 305409513 700704371 289287799 655267792 160177826 986068910 571986916 
310150078 501631187 367009464 503781391 601081266 372179759 731598149 974778221 
906503364 103744883 620739809 815924544 244582289 453886356 675568021 666595812 
194196882 316939428 463220834 657080313 890195068 628241935 736933406 712533262 
529790299 890128488 103376885 563054720 377122705 267643732 439847378 782925506 
704532273 641833014 665102434 573604917 266756139 413607731 103965767 491642997 
141517896 820803184 379824849 678920342 102864710 703704339 277836650 765789706 
233077188 491671740 148085759 645477457 316672889 368080822 384324940 792977458 
583045013 161836704 699704276 669366796 184354152 934314432 909250360 741592754 
406825619 785023851 900606880 968852032 136168906 681533861 885690033 437435768 
988291964 828637939 184546200 279598587 865141929 680640532 765632267 563302246 
507112889 124402294 220377116 271581948 921286267 118589576 327627131 717261057 
949363875 389981726 287519169 104876156 485559062 226152146 406848732 125714945 
534813520 774197742 584921273 148253668 743412179 257700523 616934647 728508116 
719959334 402274327 793102855 762205330 589700200 231918977 727361248 157994206 
252267841 153882415 319521347 740429686 971045056 933972838 519674198 856343955 
278003827 296661416 565768766 343834660 152256924 698600306 925387889 886309620 
682852518 853427583 347360820 865307393 238569887 403418610 555827246 599943347 
765864499 444421737 557537238 630717668 661043064 941928684 930429167 702669422 
365463372 665204931 299503655 570714049 920891643 395416385 978411904 155066644 
991063252 169975728 684777808 363427354 669495351 870834563 227660404 710239235 
682117343 248398920 497055578 618793299 742795007 944215491 208668175 204967297 
648319895 102913998 820153100 617501313 870796149 586606001 266872565 634031281 
263388490 279259043 800641927 227940669 111360785 556644177 612988004 674342465 
930620556 935955312 193147196 334488167 246825205 409883550 764521812 711335813 
125443790 682420428 838196578 164489954 976583316 219135702 929328012 639912581 
217317040 909820983 831390249 976473309 270436020 691011981 424337749 404417844 
789975682 970834557 946748749 627279004 403041050 954453097 838991631 838900039 
872299301 968838635 893030174 831454385 276185485 887457386 571396571 689788753 
925295910 139093894 790013880 336926437 711886362 922457022 382778243 309252395 
312143814 653734398 167919657 213156864 946237889 789145056 244104588 723523394 
984073801 190994540 672605623 116691993 911300841 432403009 652121185 393673309 
764263115 913955668 266146531 673320943 979341890 574535561 382949519 386913037 
849709602 843176731 955377932 751323891 347665876 751856945 961899314 510634468 
881971321 652411260 750801428 757535302 490263933 947655856 474646499 842302501 
862025849 343704358 441479744 375181643 272821210 738482060 322118223 607465363 
170739697 346273456 287674557 993234152 683363274 395668623 425008283 879398905 
514549446 695537002 572713593 694724190 396855992 974321385 676388838 264613469 
946696073 805186669 309662985 204309452 888860212 895552713 937047958 192001716 
352636962 457175974 157356123 112435067 231688824 917703010 568543203 791723207 
388170706 191159617 197396429 584926009 497512873 133675176 610012420 880224294 
454765319 980000268 135882842